[main_background_image.jpg]
filters=Vignette=1,35.000000,1.400000,0.000000,00000000;bw=1;radblur=1,0.500000,0.500000,-1.000000,-0.684211;
moddate=24ae9f5eb2a6cf01
width=1024
height=1024
textactive=0
